4.311730000000
0.272210000000
0.678654000000
0.684929000000
1.372730000000
1.391850000000
3.135940000000
0.000012825800
0.022406500000
0.030032833333
0.017783785714
0.108835000000
0.025245400000
1.330320000000
0.496544000000
0.099546200000
1.225040000000
0.604713000000
0.000000000000
0.000000051050
0.000000000004
0.005529320000
0.150636000000
0.632551000000
0.070000000000
0.012000000000
0.626557000000
1.265230000000
1.268140000000
2.914570000000
0.007991841667
0.000010416357
0.000260840000
0.380901000000
0.031399416667
11.356000000000
35.000000000000
0.000000000000
0.000000000000
0.000000000000
0.000000000000
0.000000000000
0.000001286010
0.022041000000
0.017773357143
