0.1
0.25
0.2
0.2
0.25
0.002686
0.004286
0.007
0.02786
0.03
0.0313
0.03
0.022
0.03
0.0313
0.03
0.95
0.0217
0.19
0.13
0.27
0.41
0.006143
0.025
0.0268
0.0313
0.0313
0.1
0.06
0.23
0.26
0.05
0.4
0.024
0.08
0.06
0.06
0.04
0.0156
0.05
0.06
0.5
10.0
10.0
10.0
0.0001
30.0
0.58
0.0941
4.0
50.0
0.3
6.0
0.045
5.0e-6
20.0
0.18956
1.0e-5
13.0
0.0165
3.0e-6
8.0
0.0028
0.0018
7.0
6.0
35.0
2.011e-5
0.31
5.0
0.02
0.02
0.02
0.02
0.02
0.02
0.02
0.083145
303.15
298.15
14.0
4.86
4.82
4.88
4.76
6.35
9.25
10.3
1.0e10
1.0e10
1.0e10
1.0e10
1.0e10
1.013
200.0
0.0313
0.035
0.0014
0.00078
50000.0
