7.059830
7.065050
7.070210
7.075320
7.080370
7.085370
7.090320
7.095230
7.100080
7.104880
7.109640
7.114350
7.119020
7.123650
7.128230
7.132760
7.137260
7.141720
7.146140
7.150510
7.154850
7.159150
7.163420
7.167640
7.171830
7.175990
7.180110
7.184200
7.188260
7.192280
7.196270
7.200220
7.204150
7.208050
7.211910
7.215740
7.219560
7.223340
7.227080
7.230810
7.234510
7.238170
7.241820
7.245450
7.249050
7.252600
7.256170
7.259700
7.263180
7.266670
7.270120
7.273550
7.276970
7.280350
7.283700
7.287050
7.290380
7.293680
7.296970
7.300220
7.303470
7.306700
7.309900
7.313090
7.316260
7.319420
7.322560
7.325670
7.328770
7.331850
7.334910
7.337960
7.340990
7.343960
7.346970
7.349950
7.352910
7.355870
7.358810
7.361730
7.364630
7.367560
7.370440
7.373310
7.376160
7.378990
7.381810
7.384630
7.387420
7.390210
7.392980
7.395740
7.398480
7.401100
7.403830
7.406530
7.409230
7.411900
7.414570
7.417250
7.419900
7.422530
7.425150
7.427760
7.430360
7.432950
7.435530
7.438100
7.440690
7.443230
7.445770
7.448290
7.450810
7.453320
7.455820
7.458300
7.460780
7.463250
7.465710
7.468160
7.470590
7.473020
7.475440
7.478060
7.480470
7.482870
7.485270
7.487650
7.490020
7.492390
7.494740
7.497070
7.499410
7.501740
7.504060
7.506380
7.508690
7.510600
7.512880
7.515160
7.517420
7.519690
7.521980
7.524230
7.526460
7.528690
7.530920
7.533130
7.535340
7.537530
7.539720
7.541910
7.544080
7.546250
7.548410
7.550570
7.552720
7.554870
7.557000
7.559130
7.561250
7.563370
7.565480
7.567590
7.570140
7.572240
7.574330
7.576410
7.578490
7.580560
7.582620
7.584670
7.586720
7.588770
7.590810
7.592840
7.594870
7.596890
7.598900
7.600900
7.602910
7.604910
7.606900
7.608880
7.610860
7.612840
7.614820
7.616780
7.618740
7.620690
7.622640
7.624580
7.626510
7.628440
7.630370
7.632290
7.634210
7.636120
7.638020
7.639780
