4.577810
4.586220
4.594580
4.602910
4.611210
4.619460
4.627690
4.635880
4.644040
4.652170
4.660270
4.668350
4.676410
4.684440
4.692450
4.700440
4.708410
4.716370
4.724310
4.732230
4.740140
4.748040
4.755930
4.763810
4.771690
4.779550
4.787410
4.795270
4.803120
4.810970
4.818830
4.826680
4.834530
4.842390
4.850250
4.858120
4.866000
4.873880
4.881770
4.889680
4.897590
4.905530
4.913470
4.921430
4.929410
4.937410
4.945430
4.953470
4.961530
4.969620
4.977730
4.985870
4.994040
5.002240
5.010470
5.018740
5.027040
5.035380
5.043760
5.052170
5.060630
5.069140
5.077690
5.086280
5.094930
5.103630
5.112380
5.121190
5.130050
5.138980
5.147970
5.157030
5.166150
5.175340
5.184610
5.193950
5.203370
5.212870
5.222460
5.232130
5.241900
5.251760
5.261720
5.271780
5.281940
5.292220
5.302610
5.313110
5.323750
5.334500
5.345390
5.356420
5.367600
5.378920
5.390390
5.402030
5.413830
5.425810
5.437970
5.450310
5.462860
5.475600
5.488560
5.501750
5.515160
5.528810
5.542720
5.556880
5.571320
5.586050
5.601070
5.616390
5.632040
5.648030
5.664360
5.681050
5.698120
5.715580
5.733450
5.751730
5.770450
5.789600
5.809220
5.829300
5.849860
5.870890
5.892410
5.914410
5.936890
5.959840
5.983240
6.007060
6.031290
6.055890
6.080800
6.106000
6.131400
6.156970
6.182640
6.208330
6.233980
6.259540
6.284920
6.310090
6.334980
6.359560
6.383770
6.407590
6.431000
6.453980
6.476510
6.498580
6.520200
6.541360
6.562070
6.582340
6.602170
6.621580
6.640580
6.659180
6.677400
6.695240
6.712730
6.729890
6.746710
6.763220
6.779430
6.795360
6.811020
6.826410
6.841560
6.856470
6.871160
6.885640
6.899910
6.913990
6.927880
6.941610
6.955170
6.968570
6.981830
6.994950
7.007930
7.020800
7.033540
7.046180
7.058720
7.071160
7.083510
7.095780
7.107970
7.120090
7.132140
7.144140
7.156080
7.167970
7.179820
7.191630
7.203410
7.215160
