6.913670
6.919240
6.924730
6.930150
6.935500
6.940780
6.945980
6.951120
6.956190
6.961200
6.966150
6.971030
6.975860
6.980620
6.985330
6.989980
6.994580
6.999130
7.003620
7.008060
7.012460
7.016800
7.021100
7.025350
7.029550
7.033710
7.037830
7.041900
7.045930
7.049920
7.053870
7.057780
7.061650
7.065480
7.069280
7.073040
7.076760
7.080450
7.084110
7.087730
7.091310
7.094870
7.098390
7.101880
7.105340
7.108770
7.112170
7.115540
7.118880
7.122190
7.125480
7.128740
7.131970
7.135170
7.138350
7.141500
7.144630
7.147730
7.150810
7.153870
7.156900
7.159910
7.162890
7.165850
7.168790
7.171710
7.174610
7.177480
7.180340
7.183170
7.185980
7.188780
7.191550
7.194310
7.197040
7.199760
7.202460
7.205140
7.207800
7.210440
7.213070
7.215680
7.218270
7.220850
7.223410
7.225950
7.228480
7.230990
7.233480
7.235960
7.238430
7.240870
7.243310
7.245730
7.248130
7.250530
7.252900
7.255270
7.257620
7.259950
7.262270
7.264580
7.266880
7.269170
7.271440
7.273690
7.275940
7.278180
7.280400
7.282610
7.284810
7.286990
7.289170
7.291330
7.293490
7.295630
7.297760
7.299880
7.301990
7.304090
7.306180
7.308260
7.310320
7.312380
7.314430
7.316470
7.318500
7.320520
7.322530
7.324530
7.326530
7.328510
7.330480
7.332450
7.334410
7.336360
7.338300
7.340230
7.342150
7.344070
7.345970
7.347870
7.349760
7.351650
7.353520
7.355390
7.357250
7.359110
7.360950
7.362790
7.364620
7.366450
7.368260
7.370080
7.371880
7.373680
7.375470
7.377250
7.379030
7.380800
7.382570
7.384330
7.386080
7.387830
7.389570
7.391310
7.393040
7.394760
7.396480
7.398200
7.399900
7.401610
7.403300
7.405000
7.406680
7.408370
7.410040
7.411720
7.413380
7.415050
7.416710
7.418360
7.420010
7.421650
7.423300
7.424930
7.426560
7.428190
7.429820
7.431440
7.433050
7.434670
7.436280
7.437880
7.439480
7.441080
7.442680
7.444270
7.445860
7.447440
