0.100000
0.250000
0.200000
0.200000
0.250000
0.002686
0.004286
0.007000
0.027860
0.030000
0.031300
0.030000
0.022000
0.030000
0.031300
0.030000
0.950000
0.021700
0.190000
0.130000
0.270000
0.410000
0.006143
0.025000
0.026800
0.031300
0.031300
0.100000
0.060000
0.230000
0.260000
0.050000
0.400000
0.024000
0.080000
0.060000
0.060000
0.040000
0.015600
0.050000
0.060000
0.500000
10.000000
10.000000
10.000000
0.000100
30.000000
0.500000
5.500000
4.000000
50.000000
0.300000
6.000000
0.400000
0.000005
20.000000
0.200000
0.000010
13.000000
0.100000
0.000003
8.000000
0.150000
0.001800
7.000000
6.000000
35.000000
0.000007
6.000000
5.000000
0.020000
0.020000
0.020000
0.020000
0.020000
0.020000
0.020000
0.083145
298.150000
308.150000
14.000000
4.860000
4.820000
4.880000
4.760000
6.350000
9.250000
10.300000
10000000000.000000
10000000000.000000
10000000000.000000
10000000000.000000
10000000000.000000
1.013000
200.000000
0.031300
0.035000
0.001400
0.000780
50000.000000
